0 7.72246 7.54361 10.9223 10.7011 12.613 13.1971 12.4062 13.7001 10.9969 15.4259 14.5731 15.8723 17.342 18.6882 17.479 19.4781 21.3808 19.8987 26.6147 25.5773 25.9461 25.8247 28.9509 28.0823 30.3211 31.7488 27.8461 32.573 32.3743 31.7321 34.1975 33.548 35.998 33.8092 35.9346 36.3848 37.9552 37.1032 38.2015 38.0501 36.9458 39.2196 39.9258 37.9014 39.9162 40.8469 40.2434 39.1792 41.7588 39.6762 43.3013 43.141 44.3426 43.9635 45.3522 42.8053 44.1981 45.8165 44.7529 48.4453 45.384 49.1921 48.1941 49.8459 50.5647 48.1737 51.5149 51.4919 48.3802 51.1015 53.3867 49.7395 49.4347 50.2241 52.2092 52.6267 54.5907 52.8997 51.5078 53.8365 54.9623 54.7679 52.5461 52.8302 56.8619 56.4599 55.1396 53.5216 54.2251 55.7721 57.306 59.8396 58.9693 60.7738 57.4397 59.5802 61.7679 60.9526 68.6551 
7.72246 0 6.56516 13.6475 14.2 14.8014 6.17642 15.3888 13.3616 18.0316 12.3227 17.5338 15.714 19.7464 15.977 20.4144 19.2123 26.1425 27.3522 21.6123 26.0664 19.0525 29.7333 29.5046 32.1602 30.3017 26.2636 35.458 28.2045 34.6662 39.0998 33.546 36.2752 29.7078 41.137 36.8761 38.5522 33.1762 36.4751 32.5519 30.5621 38.2111 37.3441 33.3284 44.4553 38.0713 33.3253 43.0362 46.8265 41.152 47.0307 35.5789 42.4156 39.8757 43.1101 39.3239 50.3957 47.8286 45.0684 51.5881 40.7782 52.6324 41.9094 51.9811 43.9871 46.0511 55.1827 45.6586 44.0059 56.0593 49.6966 47.0321 56.4928 57.0276 54.8745 57.4086 48.8954 47.8725 56.6786 55.8666 58.4409 51.3195 48.1733 58.9305 58.732 51.2889 51.8659 58.2982 57.7645 60.8442 61.9685 62.44 53.5427 53.3469 54.3819 63.8664 65.0152 55.9194 66.5866 63.9366 
7.54361 6.56516 0 17.5647 8.04703 8.27549 12.4072 19.2192 7.10586 18.2881 18.6561 11.0694 9.47156 24.0358 22.2906 24.3955 24.802 20.0117 23.6976 28.149 31.4384 19.631 23.3007 23.2339 35.4569 24.2219 32.6994 33.9754 34.7682 28.1153 34.9987 27.7443 40.5353 35.8222 36.9272 42.1251 32.0168 39.7083 42.373 38.9128 35.3452 43.3084 43.6198 33.0899 39.1802 32.9179 37.9873 36.4718 45.0558 47.0632 46.2742 38.9804 36.6923 46.4267 49.1124 45.512 46.775 51.5108 51.0421 46.5484 43.4014 52.1034 43.0663 45.461 50.2302 43.0212 50.3344 44.2017 45.7658 54.0294 44.3352 46.3059 56.8936 55.454 57.7376 51.2196 55.4575 47.764 50.1526 58.9843 52.0601 47.4898 53.9864 59.8824 60.3074 49.4472 48.9169 51.7338 60.9812 61.4481 56.2966 56.2134 52.7055 59.6536 53.692 64.7504 58.9032 54.4293 60.5637 70.4424 
10.9223 13.6475 17.5647 0 21.5038 23.5293 14.9904 1.74139 24.3713 10.2663 9.99424 25.3688 26.6333 6.48574 11.5189 6.87134 9.46225 31.1295 25.1073 21.2218 14.8163 32.1437 35.9768 39.872 18.5165 41.2132 26.6242 27.4444 25.6475 43.0761 36.4423 45.0213 22.9846 32.1113 38.5883 25.0182 47.0905 31.2781 26.5826 32.9186 37.688 26.0262 29.3875 46.4741 44.7164 50.4716 40.5369 50.713 38.5675 31.1743 37.0214 45.1279 53.9777 36.957 33.462 40.4477 45.8092 34.2454 35.253 50.7251 51.2624 42.0859 53.9724 58.0703 44.458 59.6592 53.585 59.1666 55.4376 47.8974 61.8174 60.2749 44.634 48.0184 41.2591 60.7948 44.1437 60.7878 62.7385 42.2209 63.0146 64.7108 50.8061 46.4505 45.7202 64.8698 65.4901 65.3321 44.1173 48.6955 62.8795 65.9034 66.799 52.9238 67.5658 51.4001 67.7879 69.4067 68.8778 61.0856 
10.7011 14.2 8.04703 21.5038 0 2.70799 20.2944 22.8681 6.68157 17.998 25.3692 3.87363 7.63034 27.7886 28.8629 27.7527 30.1635 11.9873 17.7301 35.7056 36.2543 25.7318 15.6338 18.6844 37.3582 20.3326 40.4555 30.073 42.1309 21.677 28.148 24.5002 43.5307 43.804 29.9412 46.4976 25.6858 47.2579 47.8029 46.7514 43.2481 47.4293 49.7921 37.8707 31.3491 30.9766 45.8444 29.6382 40.4666 52.4598 42.8188 46.2872 33.2953 53.8804 54.6604 53.4682 40.2122 53.4675 56.5167 38.8294 50.2069 48.7846 48.8101 38.0133 58.1587 44.2829 42.725 47.4017 51.94 48.993 41.5866 50.2507 54.5818 50.8934 58.4899 43.2387 62.6126 52.3008 42.7238 60.0526 44.256 47.456 62.0313 58.1852 59.3713 52.0813 50.142 44.6799 62.1515 59.3053 48.2779 48.2557 56.4146 67.5404 57.5414 62.8982 50.8899 57.3841 52.5275 78.0491 
12.613 14.8014 8.27549 23.5293 2.70799 0 20.6684 24.9715 4.49065 20.6198 26.5577 2.88397 4.99851 29.9089 30.1315 29.954 31.884 12.2515 20.0086 36.411 38.1595 24.1121 15.0675 16.382 39.8382 17.8952 40.9716 32.6625 42.9893 20.1195 29.9759 21.9777 45.859 43.9749 31.6847 48.5461 24.0889 47.9735 49.5571 47.1655 42.6485 49.5395 51.2824 35.7383 32.3602 28.3288 45.1692 28.3375 42.9272 54.2328 45.4291 45.1079 30.8324 54.6764 56.3871 53.6876 42.1153 55.9695 58.2703 39.9553 48.7261 51.4007 46.9072 37.1878 58.429 41.6141 43.9551 44.926 50.1793 51.3465 39.0458 47.893 57.265 53.3381 61.1205 43.1696 63.6226 50.0595 41.8816 62.6577 43.8393 44.748 61.9238 60.8881 62.0779 49.5224 47.4661 43.5427 64.7487 61.9941 48.8183 48.1197 54.0023 67.8775 55.1517 65.5962 50.9192 54.8574 52.6704 78.7166 
13.1971 6.17642 12.4072 14.9904 20.2944 20.6684 0 16.5863 18.571 22.1255 9.09583 23.4766 20.8177 19.895 12.4229 20.9129 17.2819 32.2689 33.0928 15.9605 24.1536 17.7375 35.7078 34.3721 32.8663 34.8751 20.3121 40.0373 22.7565 40.1472 44.9153 37.7035 35.6921 23.5405 46.9823 34.8451 43.9471 27.455 33.2762 26.5059 24.8935 36.3927 33.2497 31.902 50.5839 41.382 27.7091 48.6155 51.4403 37.8562 50.9815 30.8628 46.3635 34.2398 39.6013 33.1785 55.9676 47.7323 41.5987 57.6606 36.6121 56.3625 38.982 57.8221 37.8646 46.9781 61.2003 45.0585 40.5162 60.7602 53.114 45.7192 59.4731 61.4366 55.5957 63.5313 43.5497 45.9755 62.5036 56.3028 64.463 52.9902 42.0075 61.428 60.678 50.9631 52.6223 63.9267 58.0707 63.6182 68.1402 68.5499 52.2327 47.261 52.9239 66.3785 71.1608 55.1936 72.7491 58.1021 
12.4062 15.3888 19.2192 1.74139 22.8681 24.9715 16.5863 0 25.9637 10.2225 10.9434 26.7175 28.2052 4.9385 11.9776 5.17818 8.96449 32.1427 25.3573 21.7794 13.6846 33.8422 37.0734 41.3411 16.7767 42.727 27.1518 26.7678 25.81 44.3484 36.4754 46.5774 21.3161 32.8008 38.6165 23.6338 48.3603 31.4398 25.5564 33.3529 38.8365 24.5727 28.6668 48.1678 45.0645 52.1046 41.6769 51.8818 37.7544 30.0955 35.9303 46.4834 55.5287 36.9156 32.4244 40.9015 45.5026 32.5141 34.1768 50.8947 52.6951 40.8847 55.5575 59.0432 44.8013 61.3978 53.6449 60.8925 56.9585 47.0541 63.4153 61.9738 43.2066 47.044 39.5249 61.4474 43.7905 62.4534 63.6949 40.4802 63.7999 66.4297 51.3779 44.915 44.0936 66.6031 67.2299 66.3913 42.3759 47.2132 63.2236 66.5495 68.498 53.1057 69.2571 49.862 68.3459 71.1297 69.3743 60.9157 
13.7001 13.3616 7.10586 24.3713 6.68157 4.49065 18.571 25.9637 0 23.2716 25.6472 6.89886 2.37026 30.856 29.2966 31.1051 31.9006 16.2073 24.3802 34.5303 38.5005 19.7158 18.1852 16.1664 41.7246 17.1165 38.7566 36.6591 41.2941 21.5897 34.4665 20.6995 47.2201 41.2451 36.1705 49.144 25.3762 46.0155 49.4787 44.758 38.9967 50.2853 50.6555 31.274 36.5965 26.2163 41.4313 30.0898 47.1403 54.1689 49.3619 40.9332 29.658 52.8098 56.2139 50.9753 46.6051 57.8626 58.1458 44.2373 44.3619 55.3131 42.4179 39.5864 55.7683 38.028 48.2832 40.7526 45.7109 55.6711 37.4516 43.5692 60.8843 57.57 63.5752 46.48 62.0693 45.6464 44.2211 64.9745 46.7422 41.7121 58.7647 64.3078 65.2231 45.513 43.9175 45.413 67.0223 65.5681 52.6899 51.336 49.738 65.2807 50.8611 69.0791 54.306 50.774 56.1691 76.5736 
10.9969 18.0316 18.2881 10.2663 17.998 20.6198 22.1255 10.2225 23.2716 0 19.8669 21.3657 25.0587 13.6714 21.766 12.8787 19.1415 24.2721 15.2536 31.3795 22.8622 36.8475 29.509 36.4101 19.7796 38.2236 36.7877 17.9834 35.9044 37.7106 26.255 42.4646 26.7052 42.0902 28.3971 31.4114 41.6306 41.5366 34.7128 43.1319 46.5571 31.8951 38.4574 50.9079 35.011 48.9474 49.4108 44.4637 29.3628 39.026 29.0248 52.9831 51.1781 47.1238 41.4559 50.6419 35.5913 35.7014 43.0649 40.6913 58.572 34.6007 59.9295 50.5808 54.7044 61.0705 43.423 62.4598 62.0168 38.7059 59.5533 64.3832 38.7433 39.3114 40.5007 51.9115 53.9484 65.5632 55.1349 42.0564 54.6255 64.9831 60.8875 41.5996 42.094 67.7353 66.9733 58.2695 44.1596 43.2323 53.1423 56.9841 70.8333 63.188 71.7705 46.4775 58.5839 72.7006 59.4978 71.1358 
15.4259 12.3227 18.6561 9.99424 25.3692 26.5577 9.09583 10.9434 25.6472 19.8669 0 29.0664 28.0102 12.4153 3.65429 13.7041 8.34004 36.7319 33.7672 11.6648 15.109 26.5149 40.9438 41.8096 25.1945 42.6235 17.0399 37.4172 17.176 46.658 45.4658 45.8145 27.0367 22.2259 47.6062 25.7537 50.6007 22.6383 24.3989 23.4708 27.958 27.3191 25.0219 40.381 52.8239 50.0215 30.7869 54.8837 48.5618 29.0373 46.8729 36.0147 54.6404 28.9284 30.9062 30.9036 55.4127 39.2322 32.8832 59.3123 42.4944 51.7841 46.289 63.3522 35.1353 56.0587 62.4421 53.7959 47.2037 57.8905 61.72 54.1269 53.7465 57.968 47.5778 67.6308 37.2861 54.027 68.064 48.0754 69.2279 62.0758 41.0273 55.0671 53.7102 59.7755 61.6809 70.0254 49.7462 57.5717 70.8714 72.7295 60.6013 43.9714 61.2035 59.9829 74.9694 63.8366 76.2943 53.2487 
14.5731 17.5338 11.0694 25.3688 3.87363 2.88397 23.4766 26.7175 6.89886 21.3657 29.0664 0 6.54319 31.63 32.5981 31.5656 34.0268 9.41994 18.5994 39.1409 40.127 26.6059 12.2318 15.0627 40.938 16.866 43.761 31.8565 45.6658 17.814 27.9005 21.1552 47.2584 46.8341 29.5203 50.3507 21.8199 50.7051 51.6723 49.9819 45.5016 51.2659 53.6128 37.7198 29.7018 27.9574 48.0085 25.845 41.7304 56.3309 44.6543 47.7957 29.8132 57.3812 58.5277 56.5418 40.0765 57.0012 60.3865 37.3386 51.2568 50.6354 49.1167 34.4588 61.2759 42.3293 41.3877 46.3051 52.5107 49.9109 38.2264 49.5072 56.8383 52.0824 61.7388 40.2876 66.2393 51.8607 39.1614 63.3755 40.9974 44.9532 64.807 60.6649 62.1175 50.6721 48.1215 40.9606 65.4933 61.6064 45.9876 45.2419 55.5023 70.7138 56.6943 65.2984 48.0352 56.0901 49.7885 81.4703 
15.8723 15.714 9.47156 26.6333 7.63034 4.99851 20.8177 28.2052 2.37026 25.0587 28.0102 6.54319 0 33.1131 31.6607 33.3282 34.2571 15.3024 24.8938 36.7761 40.8379 20.4647 16.6642 13.8001 43.7968 14.7558 40.9243 37.6608 43.5644 19.4246 34.4437 18.3957 49.4196 43.2555 36.0562 51.4614 23.1544 48.2329 51.8441 46.8664 40.5494 52.5859 53.0219 31.1783 35.8422 24.1076 42.9151 27.9561 47.8921 56.5344 50.4251 41.9862 27.3554 55.0401 58.5824 52.9785 46.6196 59.9444 60.5134 43.532 45.0904 56.3954 42.6339 37.6189 57.7847 36.6557 47.6489 39.9782 46.1053 56.2454 35.2301 43.0452 62.2028 58.2926 65.4837 44.9046 64.3494 45.3352 42.2243 66.9317 44.9594 39.9953 60.573 65.7595 66.8313 44.5301 42.5194 43.2776 68.9947 66.9192 51.4972 49.6995 49.1009 67.3113 50.2696 70.4918 52.7616 49.8772 54.6917 78.73 
17.342 19.7464 24.0358 6.48574 27.7886 29.9089 19.895 4.9385 30.856 13.6714 12.4153 31.63 33.1131 0 11.9432 1.43031 6.66255 36.7819 28.8868 21.4129 9.22458 37.549 41.7914 46.2796 12.9917 47.6609 26.547 28.0889 24.1957 49.2103 39.4561 51.4957 16.5767 32.5778 41.5704 18.7415 53.2189 29.7144 21.1327 32.3641 40.0404 19.642 24.8118 51.7869 48.6396 56.9502 42.8254 56.6563 38.4974 25.5601 35.7455 48.4073 60.4499 34.5808 27.9459 39.8796 47.6173 28.1283 29.6311 54.0883 54.9095 40.2272 58.4819 63.5964 43.4305 65.7816 56.5913 64.7965 59.556 47.6195 68.3031 65.6072 41.5464 47.1723 35.7017 65.5262 40.6363 65.8377 68.223 36.4537 68.0865 71.016 50.621 42.6842 41.3073 70.6059 71.5785 71.0437 38.2661 45.2537 66.7375 70.6102 72.1236 51.2385 72.8188 47.5898 72.2516 74.9872 73.1674 58.1197 
18.6882 15.977 22.2906 11.5189 28.8629 30.1315 12.4229 11.9776 29.2966 21.766 3.65429 32.5981 31.6607 11.9432 0 13.3541 6.25492 40.0638 36.2623 9.81132 12.3652 29.3635 44.3822 45.4606 23.9737 46.2776 15.1742 38.7411 14.3162 50.2452 47.8045 49.4578 24.8189 20.9067 49.9509 22.6958 54.1976 19.9102 20.8736 21.4089 28.1915 24.3535 21.3678 42.9311 55.5902 53.5974 30.9494 58.4351 49.6574 25.4835 47.4468 36.9404 58.2734 25.9196 27.3079 28.9479 57.3281 37.0904 29.2921 61.891 43.6626 52.0947 48.1195 66.7897 32.9409 59.1938 64.8903 56.5002 48.7129 58.9215 65.3067 56.5757 53.4551 58.7444 45.8308 70.7917 33.9396 56.242 71.5005 46.1474 72.5215 65.3714 39.4017 54.4088 52.6865 62.5371 64.7558 73.5409 47.7236 57.0801 73.702 75.8981 63.0055 41.4874 63.5448 59.2779 78.0522 66.4419 79.3137 50.2226 
17.479 20.4144 24.3955 6.87134 27.7527 29.954 20.9129 5.17818 31.1051 12.8787 13.7041 31.5656 33.3282 1.43031 13.3541 0 8.06847 36.3858 28.0027 22.8431 10.0135 38.4903 41.4535 46.3359 11.9659 47.7787 27.9751 26.7678 25.5788 49.0305 38.3979 51.6763 16.1409 34.0081 40.5027 18.9756 53.0314 31.0809 21.8342 33.7781 41.417 19.7453 25.7653 52.7641 47.732 57.269 44.2077 56.3612 37.1102 26.1717 34.3178 49.7163 60.6195 35.8697 28.5895 41.2888 46.3792 27.4162 30.2247 53.0662 56.1829 38.7985 59.6341 63.1129 44.8165 66.4639 55.5065 65.6857 60.7706 46.2167 68.5525 66.5853 40.1661 45.7501 34.7372 64.7893 41.7636 66.8857 67.7202 35.5688 67.4449 71.5768 52.0391 41.3653 40.0753 71.46 72.2801 70.6296 37.4185 43.9038 65.7967 69.8628 73.1057 52.5743 73.8199 46.279 71.4412 75.8951 72.3151 59.3103 
19.4781 19.2123 24.802 9.46225 30.1635 31.884 17.2819 8.96449 31.9006 19.1415 8.34004 34.0268 34.2571 6.66255 6.25492 8.06847 0 40.4179 34.3205 14.9764 6.92879 34.8469 45.1398 47.9214 17.7729 49.0127 19.979 34.6646 17.5502 51.8398 45.3534 52.5215 18.7502 26.0942 47.4888 17.7356 55.8467 23.0974 17.6738 25.7118 34.2817 19.1839 19.9639 48.7082 54.0271 57.2801 37.0021 59.7068 45.1559 22.3536 42.3488 43.1788 61.4516 28.1809 24.5081 33.2203 53.9952 30.9911 26.3863 59.8328 49.9167 46.7119 54.2898 67.3684 36.7779 64.234 62.5262 62.1356 54.9513 54.2818 68.884 62.4365 47.5971 53.8065 39.5996 70.2568 34.827 62.2542 72.0519 39.9628 72.453 70.0645 43.9778 48.3473 46.4933 68.1109 69.8986 74.5076 41.5749 51.0972 72.1872 75.3651 68.9002 44.6818 69.4828 53.1896 77.2324 72.1739 78.2965 52.02 
21.3808 26.1425 20.0117 31.1295 11.9873 12.2515 32.2689 32.1427 16.2073 24.2721 36.7319 9.41994 15.3024 36.7819 40.0638 36.3858 40.4179 0 14.8062 47.4903 45.826 35.7534 5.3003 16.3282 43.8445 18.751 52.3461 28.9503 53.7592 14.1432 20.7082 23.1031 50.9731 55.7898 21.9519 55.3389 17.7998 59.0026 57.6876 58.6804 54.8987 55.981 60.3591 45.9449 20.5506 30.7219 57.4197 20.1999 37.1033 62.2382 41.3508 57.1366 30.3727 65.5371 64.5615 65.4471 32.6891 59.3386 66.3195 28.2534 60.3912 47.2199 57.7064 26.9517 70.1267 47.5833 32.4083 53.1403 61.3128 44.3155 39.0581 56.8514 54.4114 47.0353 62.6468 31.2663 73.9949 59.6019 31.6342 64.5865 32.5061 48.7549 73.9898 58.8385 61.1264 56.8992 53.1075 34.2624 66.7643 59.2301 36.5699 36.301 62.531 79.4859 63.8145 63.1623 38.9025 62.4652 40.5535 89.7903 
19.8987 27.3522 23.6976 25.1073 17.7301 20.0086 33.0928 25.3573 24.3802 15.2536 33.7672 18.5994 24.8938 28.8868 36.2623 28.0027 34.3205 14.8062 0 45.4253 38.0161 43.0634 19.6767 30.799 32.213 33.1335 50.7692 14.1539 50.5726 28.7343 11.8534 37.5637 39.9568 55.5216 13.9572 45.8648 32.1164 56.1722 49.7691 57.2224 57.8952 46.0835 53.6953 55.5951 19.7586 45.0435 60.6713 33.4646 23.1685 53.956 26.7016 62.5353 45.1479 62.0352 56.4175 64.5945 23.1315 46.5807 57.946 25.6391 67.0989 32.6331 66.3725 37.465 68.8965 60.7629 28.6749 64.8598 69.3149 31.3516 53.8359 67.9014 39.6224 33.4879 48.7461 37.1093 69.1474 70.0251 41.7576 50.8569 40.3019 62.7913 74.381 44.0361 46.4329 69.2712 66.4904 45.5414 53.0499 44.4414 37.8913 42.1186 73.9925 77.6975 75.1527 48.36 43.5015 74.6865 44.3182 86.1929 
26.6147 21.6123 28.149 21.2218 35.7056 36.411 15.9605 21.7794 34.5303 31.3795 11.6648 39.1409 36.7761 21.4129 9.81132 22.8431 14.9764 47.4903 45.4253 0 18.7544 28.4754 51.3135 50.2564 32.3454 50.6423 5.40828 48.547 6.90369 56.0962 57.1302 53.2173 31.4078 11.168 59.2709 26.8154 59.9065 11.5643 22.2597 11.8067 20.1822 28.731 19.8472 40.2412 64.3618 56.1668 22.7121 64.5448 59.4628 26.1245 57.1237 29.9696 61.6501 18.293 27.2055 19.27 66.9701 43.4346 29.1748 70.9391 37.0378 61.6328 43.0297 73.5933 23.472 58.5798 74.0993 54.0469 42.7758 68.7166 67.8533 53.1969 62.5293 68.4812 52.8765 78.661 27.6539 52.1074 78.2908 52.8066 79.944 65.551 29.6019 63.0864 60.8961 60.2063 63.7582 79.8429 54.1439 65.9341 82.3429 83.7343 59.3717 32.394 59.6961 67.8729 86.1276 63.4622 87.5478 42.3444 
25.5773 26.0664 31.4384 14.8163 36.2543 38.1595 24.1536 13.6846 38.5005 22.8622 15.109 40.127 40.8379 9.22458 12.3652 10.0135 6.92879 45.826 38.0161 18.7544 0 41.5919 50.7501 54.3792 14.2708 55.571 22.8484 35.7965 18.8362 57.8772 48.2894 59.182 12.7708 29.142 50.3774 10.8192 61.8918 23.756 11.9196 27.5575 38.8838 12.2585 15.8426 55.2858 57.7415 64.1011 41.4573 65.5242 45.3617 16.4135 41.5189 48.3653 68.1305 27.4179 18.7618 34.6962 55.7588 24.99 20.4944 62.9951 55.295 45.1947 60.2908 72.7111 37.5611 71.1283 65.3377 68.8161 60.6466 54.1119 75.6679 68.9409 44.8155 53.1059 34.1785 74.7472 32.2357 68.5753 77.3541 34.2397 77.3023 76.9924 45.6048 44.8225 42.2954 74.8285 76.7742 80.0758 35.6947 47.8543 75.7919 79.829 75.3693 44.4433 75.9022 49.5047 81.4433 78.7904 82.3276 50.0025 
25.9461 19.0525 19.631 32.1437 25.7318 24.1121 17.7375 33.8422 19.7158 36.8475 26.5149 26.6059 20.4647 37.549 29.3635 38.4903 34.8469 35.7534 43.0634 28.4754 41.5919 0 36.8037 29.1453 50.453 28.343 30.2302 53.5134 34.966 37.1152 53.8766 29.171 53.4114 29.6765 55.6706 52.0579 40.0133 37.811 49.4992 34.455 22.5729 53.7111 48.1601 14.3363 56.2606 29.7091 24.3689 45.351 64.6673 53.8349 65.597 21.7566 36.1874 44.401 55.2428 38.5848 65.9038 65.4698 57.2451 63.9262 24.6548 71.3284 23.4356 55.8368 43.3227 30.2026 67.9928 27.3255 26.2569 73.6603 40.906 28.1317 75.4999 75.0475 73.227 64.6041 54.4851 28.8201 60.1527 73.9984 63.9637 37.0797 43.7772 77.9825 77.7045 33.2658 35.5703 60.0665 75.7867 79.8824 71.8372 69.1869 34.6559 52.6769 35.4292 82.9188 72.4936 37.4593 74.5775 65.6403 
25.8247 29.7333 23.3007 35.9768 15.6338 15.0675 35.7078 37.0734 18.1852 29.509 40.9438 12.2318 16.6642 41.7914 44.3822 41.4535 45.1398 5.3003 19.6767 51.3135 50.7501 36.8037 0 13.034 49.1285 15.4921 55.9832 33.7051 57.7647 9.05796 23.7255 19.5538 56.214 59.0375 24.6014 60.4264 12.556 62.8731 62.5592 62.2135 57.1623 61.1131 65.0125 45.6036 20.9872 27.2231 59.5612 14.962 41.1712 67.1447 45.8551 58.5027 26.0026 69.5113 69.4387 68.7533 35.1835 64.6388 71.225 28.6095 61.1876 51.6421 57.6661 22.4096 73.4965 44.993 32.9103 51.5065 61.5351 47.8386 34.6319 55.5764 59.0883 50.8083 67.8824 28.2949 78.2193 58.647 27.1211 69.8435 28.7718 45.3903 76.8703 63.6494 66.1071 54.8016 50.2993 29.37 72.0239 63.9003 35.059 33.1645 60.9568 82.9423 62.3018 67.8819 36.1271 60.4189 38.0294 93.6563 
28.9509 29.5046 23.2339 39.872 18.6844 16.382 34.3721 41.3411 16.1664 36.4101 41.8096 15.0627 13.8001 46.2796 45.4606 46.3359 47.9214 16.3282 30.799 50.2564 54.3792 29.1453 13.034 0 55.9949 2.46569 54.1227 44.9021 57.1083 8.37122 36.622 6.78309 62.2063 55.8543 37.593 64.8693 10.8698 61.583 65.5595 59.8167 51.3481 65.8967 66.8218 34.8424 33.6344 14.3991 53.3716 16.2249 53.428 70.2488 57.4952 50.568 14.8368 68.4224 72.3272 65.4797 48.2107 72.0638 74.247 41.0663 52.0384 63.4095 47.1189 26.8074 70.3131 31.9919 45.3927 39.033 51.3514 60.5547 23.4044 43.4138 70.3385 63.3471 76.6603 36.6651 77.901 46.8113 31.0314 78.3534 35.2499 32.4954 72.197 74.5404 76.4215 41.9774 37.2657 31.0238 80.483 75.1528 45.5594 40.8603 48.4749 79.857 49.8655 79.0046 44.4552 47.6064 46.7765 91.7768 
28.0823 32.1602 35.4569 18.5165 37.3582 39.8382 32.8663 16.7767 41.7246 19.7796 25.1945 40.938 43.7968 12.9917 23.9737 11.9659 17.7729 43.8445 32.213 32.3454 14.2708 50.453 49.1285 55.9949 0 57.6905 36.8678 25.234 33.1002 57.4746 40.1218 61.8157 7.94437 43.1494 42.0121 15.59 61.3764 37.9917 21.9153 41.81 52.0369 15.0808 27.735 64.7299 50.7585 67.9044 54.737 64.028 32.9889 24.8237 28.1605 60.9053 70.6512 41.2214 27.2692 48.9655 45.216 16.1493 28.2909 54.6913 67.5654 31.2746 71.43 69.4315 51.7509 78.1085 56.3039 77.6196 72.3952 41.133 78.8724 78.5511 30.5464 39.6645 22.7819 69.0616 44.6508 78.8263 73.8405 23.707 72.4905 82.9301 59.8737 30.7491 28.7205 83.3628 83.9571 77.3503 25.624 33.672 68.0663 73.9677 85.0714 58.2698 85.783 35.5279 74.9425 87.8399 75.3982 62.5517 
30.3211 30.3017 24.2219 41.2132 20.3326 17.8952 34.8751 42.727 17.1165 38.2236 42.6235 16.866 14.7558 47.6609 46.2776 47.7787 49.0127 18.751 33.1335 50.6423 55.571 28.343 15.4921 2.46569 57.6905 0 54.3274 47.2073 57.5253 10.1733 39.0865 4.44462 63.7449 55.7862 40.0583 66.1486 12.0315 61.8558 66.593 59.8836 50.7547 67.2284 67.6422 33.1409 36.0123 11.9727 52.6838 17.4027 55.8381 71.283 59.8351 49.4987 12.9649 68.7032 73.3171 65.3453 50.6725 73.7976 75.254 43.404 50.672 65.7599 45.418 28.0742 70.1776 29.5645 47.7301 36.8004 49.73 63.0058 21.378 41.2714 72.6203 65.7818 78.59 38.4015 78.2939 44.7586 32.1335 80.2404 36.7072 30.04 71.7516 76.7718 78.5726 39.6215 34.8113 31.7353 82.3592 77.4315 47.5756 42.4582 46.228 79.7098 47.6312 81.2636 46.1305 45.2517 48.507 91.8357 
31.7488 26.2636 32.6994 26.6242 40.4555 40.9716 20.3121 27.1518 38.7566 36.7877 17.0399 43.761 40.9243 26.547 15.1742 27.9751 19.979 52.3461 50.7692 5.40828 22.8484 30.2302 55.9832 54.1227 36.8678 54.3274 0 53.9132 5.7439 60.339 62.4989 56.6195 35.1281 6.29473 64.6377 29.5531 64.0716 7.66644 23.9479 6.46767 17.3761 31.511 20.176 40.599 69.5921 59.004 19.5418 68.8463 64.7788 27.1693 62.2926 27.6861 64.809 14.4649 27.7871 13.8681 72.3781 46.831 29.6474 76.239 34.8412 66.6882 41.8103 78.1341 18.1464 59.7968 79.4373 54.2935 40.9731 74.0099 70.5807 52.9051 67.2752 73.7001 56.5378 83.585 24.3956 51.3625 82.8143 56.2656 84.7045 67.1178 24.2303 67.5926 65.1416 60.4488 64.7129 84.1688 57.4663 70.5379 87.5196 88.6395 58.8486 27.2319 59.0373 72.3174 91.1143 63.2909 92.5877 37.8183 
27.8461 35.458 33.9754 27.4444 30.073 32.6625 40.0373 26.7678 36.6591 17.9834 37.4172 31.8565 37.6608 28.0889 38.7411 26.7678 34.6646 28.9503 14.1539 48.547 35.7965 53.5134 33.7051 44.9021 25.234 47.2073 53.9132 0 52.193 42.7492 16.0545 51.6472 33.0761 59.54 17.6088 40.6759 45.9819 57.7609 46.2657 60.058 64.5352 40.3021 51.3968 67.0222 27.239 59.0618 67.3898 46.8206 11.4045 49.7246 12.7978 70.8414 59.3017 62.6274 52.2095 67.6108 20.1268 36.4496 53.3757 29.915 76.2327 18.7789 76.909 49.2671 71.3762 74.1685 31.1756 77.3905 79.3252 20.7289 67.9897 79.9809 25.4688 21.5897 36.5459 46.0754 68.0269 81.6722 53.1408 38.9168 50.3097 76.6354 78.1426 29.9457 32.6583 82.1523 79.9748 57.4934 41.0883 30.2878 43.4252 50.6651 86.2647 79.3257 87.3337 34.2128 51.059 87.433 51.1783 85.7891 
32.573 28.2045 34.7682 25.6475 42.1309 42.9893 22.7565 25.81 41.2941 35.9044 17.176 45.6658 43.5644 24.1957 14.3162 25.5788 17.5502 53.7592 50.5726 6.90369 18.8362 34.966 57.7647 57.1083 33.1002 57.5253 5.7439 52.193 0 62.8178 62.0672 60.1205 30.4834 11.2579 64.2139 24.2991 66.6581 5.63285 18.3396 8.7351 23.05 26.2592 14.439 46.0016 69.8876 63.0285 25.1105 71.2291 62.689 21.437 59.6341 33.4001 68.5488 11.7799 22.0468 15.9298 71.3048 41.844 23.9155 76.2052 40.5544 63.6944 47.5411 80.1175 19.2382 64.8751 79.1798 59.7525 46.7127 71.7742 74.7005 58.5077 63.6464 71.1644 51.7038 84.7792 20.7947 57.0478 84.8235 51.2826 86.2626 72.0214 26.8265 63.5968 60.8294 65.915 69.9165 86.5019 52.388 66.6719 87.9808 89.8726 64.5025 27.2966 64.7142 68.2242 92.1418 68.8736 93.4698 36.0821 
32.3743 34.6662 28.1153 43.0761 21.677 20.1195 40.1472 44.3484 21.5897 37.7106 46.658 17.814 19.4246 49.2103 50.2452 49.0305 51.8398 14.1432 28.7343 56.0962 57.8772 37.1152 9.05796 8.37122 57.4746 10.1733 60.339 42.7492 62.8178 0 31.9358 12.9233 64.3026 62.6126 32.5135 67.9506 4.01457 67.6003 69.4774 66.2884 58.9746 68.7758 71.3864 43.2 26.967 20.1422 61.1138 8.55212 49.909 74.1301 54.8107 58.7097 17.5453 74.3851 76.337 72.3193 42.7302 73.2033 78.1901 34.0263 60.3607 60.5528 55.4788 18.736 77.1377 38.8706 38.3268 46.7948 59.7221 56.1591 25.9956 51.3738 68.0996 59.3093 76.7661 28.3001 83.5545 54.916 23.1524 78.6782 26.9568 38.0684 79.55 72.6949 75.1627 49.2854 43.7438 23.8584 80.8513 72.9074 37.4303 32.4982 56.1831 86.6754 57.6081 76.9037 36.0841 54.9044 38.4117 98.151 
31.7321 39.0998 34.9987 36.4423 28.148 29.9759 44.9153 36.4754 34.4665 26.255 45.4658 27.9005 34.4437 39.4561 47.8045 38.3979 45.3534 20.7082 11.8534 57.1302 48.2894 53.8766 23.7255 36.622 40.1218 39.0865 62.4989 16.0545 62.0672 31.9358 0 43.2576 48.0661 67.3416 2.14675 54.9693 34.32 67.6898 59.6913 68.9366 69.6618 54.8851 64.1255 65.6178 11.1958 50.9323 72.4217 33.7757 18.7074 63.599 24.8755 73.9771 49.4466 73.3743 66.0911 76.3477 12.179 52.4443 67.4635 14.7468 78.2561 29.9998 76.8808 34.2404 80.5961 68.2688 17.173 73.697 80.0837 24.2234 57.9294 77.2081 38.3895 27.4485 52.4312 30.0386 80.0654 79.7147 37.7656 54.8615 34.4156 69.0902 86.2079 43.5988 47.2707 77.5854 73.7449 42.4327 57.0185 43.0165 27.9576 34.6115 83.0365 89.2911 84.2854 47.1601 35.0955 83.1375 35.3586 97.3723 
34.1975 33.546 27.7443 45.0213 24.5002 21.9777 37.7035 46.5774 20.6995 42.4646 45.8145 21.1552 18.3957 51.4957 49.4578 51.6763 52.5215 23.1031 37.5637 53.2173 59.182 29.171 19.5538 6.78309 61.8157 4.44462 56.6195 51.6472 60.1205 12.9233 43.2576 0 67.7176 57.646 44.1536 69.8431 13.56 64.2251 69.9958 61.9427 51.7435 70.9801 70.7709 31.9626 39.6181 7.67509 53.4902 18.6348 60.206 74.6796 64.264 49.5878 8.95986 71.0661 76.6555 67.0631 54.6977 77.9463 78.6113 46.8487 50.1301 70.1837 44.1335 29.1837 71.8797 25.9752 51.1637 34.0443 48.6123 67.2712 17.0893 38.7927 77.0641 70.1012 82.8923 40.3525 80.8044 42.5363 32.8616 84.5115 38.0858 25.8372 72.9216 81.2144 82.9955 36.3664 30.9857 31.7301 86.6216 81.8756 50.1176 44.0831 43.3759 81.3701 44.8187 85.7082 47.899 41.983 50.384 93.81 
33.548 36.2752 40.5353 22.9846 43.5307 45.859 35.6921 21.3161 47.2201 26.7052 27.0367 47.2584 49.4196 16.5767 24.8189 16.1409 18.7502 50.9731 39.9568 31.4078 12.7708 53.4114 56.214 62.2063 7.94437 63.7449 35.1281 33.0761 30.4834 64.3026 48.0661 67.7176 0 41.3661 49.9552 8.61895 68.257 34.6574 15.8358 39.1412 51.5833 7.58702 22.0859 67.4086 58.6795 73.404 54.1144 71.1684 40.2185 17.843 34.7958 61.1336 76.6409 36.7275 20.1732 45.7883 52.9407 12.2739 20.9467 62.629 68.065 37.1117 72.9271 76.9618 47.9645 82.2345 64.2014 80.7363 73.3826 47.9007 84.6494 81.1635 34.7863 46.0381 21.4717 76.9171 38.7141 81.0024 81.4226 21.4689 80.2586 87.5804 56.5751 33.7724 30.4943 86.6552 87.9978 84.7989 22.946 37.0987 76.0102 81.8439 87.6367 53.5466 88.2292 38.163 82.8609 90.831 83.334 56.47 
35.998 29.7078 35.8222 32.1113 43.804 43.9749 23.5405 32.8008 41.2451 42.0902 22.2259 46.8341 43.2555 32.5778 20.9067 34.0081 26.0942 55.7898 55.5216 11.168 29.142 29.6765 59.0375 55.8543 43.1494 55.7862 6.29473 59.54 11.2579 62.6126 67.3416 57.646 41.3661 0 69.4651 35.5314 66.1912 10.0407 29.538 5.12391 12.4285 37.4923 25.0936 38.1274 73.871 59.2317 14.1175 71.164 70.5451 32.3445 68.2905 22.8263 65.4213 15.4667 32.651 9.73123 77.5921 52.9702 34.3967 80.7415 29.915 72.7888 37.6817 80.8314 14.5294 58.0169 84.0922 51.4946 36.3116 79.8226 70.5664 49.558 73.5225 79.6359 62.7384 87.0361 25.4858 47.5776 85.4624 62.4106 87.8042 65.6813 18.8721 73.8814 71.4332 57.585 62.5905 86.4588 63.566 76.8155 91.5961 92.0354 55.2131 24.0628 55.2668 78.6104 94.6907 59.9738 96.2895 36.1799 
33.8092 41.137 36.9272 38.5883 29.9412 31.6847 46.9823 38.6165 36.1705 28.3971 47.6062 29.5203 36.0562 41.5704 49.9509 40.5027 47.4888 21.9519 13.9572 59.2709 50.3774 55.6706 24.6014 37.593 42.0121 40.0583 64.6377 17.6088 64.2139 32.5135 2.14675 44.1536 49.9552 69.4651 0 56.9487 34.6903 69.8366 61.7427 71.077 71.6974 56.8342 66.2169 67.2318 9.93775 51.8186 74.4501 33.8122 19.0694 65.6222 25.585 75.9064 50.0577 75.5181 68.1155 78.4844 10.7374 54.057 69.472 12.7307 80.1097 30.4645 78.5854 33.6067 82.738 69.3918 15.0383 75.0637 81.8442 23.7969 58.462 78.6627 39.0098 27.2332 53.7466 28.6917 82.1879 81.2439 36.9489 56.2134 33.2629 69.9872 88.3293 44.3145 48.1752 78.8447 74.8092 41.7446 58.3577 43.5629 26.058 33.1413 84.4316 91.4374 85.6969 47.7178 33.4502 84.4154 33.6085 99.5085 
35.9346 36.8761 42.1251 25.0182 46.4976 48.5461 34.8451 23.6338 49.144 31.4114 25.7537 50.3507 51.4614 18.7415 22.6958 18.9756 17.7356 55.3389 45.8648 26.8154 10.8192 52.0579 60.4264 64.8693 15.59 66.1486 29.5531 40.6759 24.2991 67.9506 54.9693 69.8431 8.61895 35.5314 56.9487 0 71.9582 27.6779 7.45032 32.5916 46.7223 1.9609 13.773 65.4701 65.1926 74.8825 49.0436 75.3365 48.5084 9.29782 43.3109 56.7468 78.8004 28.8474 11.7033 38.6928 60.7433 17.7823 12.7124 69.6787 63.8407 45.7293 69.6425 81.9605 40.4042 81.8099 71.5329 79.1251 69.574 56.3969 86.4204 78.9793 43.2409 54.6183 27.8403 82.969 30.1538 78.3435 86.5345 27.1551 85.9443 87.7713 49.2623 41.9008 38.1915 85.1891 87.4142 89.5546 28.1451 45.3246 82.8918 87.9832 85.3388 45.3929 85.7952 46.0984 89.2699 88.9825 89.9199 47.8655 
36.3848 38.5522 32.0168 47.0905 25.6858 24.0889 43.9471 48.3603 25.3762 41.6306 50.6007 21.8199 23.1544 53.2189 54.1976 53.0314 55.8467 17.7998 32.1164 59.9065 61.8918 40.0133 12.556 10.8698 61.3764 12.0315 64.0716 45.9819 66.6581 4.01457 34.32 13.56 68.257 66.1912 34.6903 71.9582 0 71.3839 73.488 69.9587 62.1461 72.7761 75.3683 45.0712 28.2022 19.9231 64.2064 5.38061 52.6321 78.1421 57.8118 61.4108 15.9812 78.1844 80.3462 75.8761 44.5652 77.0454 82.2012 34.813 62.7023 63.471 57.3305 16.043 80.7024 38.8913 39.0373 47.5474 61.6968 58.471 23.9491 52.3467 71.1985 61.7684 80.4353 26.7928 87.416 56.0913 20.1719 82.3855 24.7276 37.2334 82.8886 75.9016 78.5269 49.565 43.4172 20.3126 84.5638 75.9916 36.7276 30.5998 56.8233 90.2465 58.2809 80.0239 34.3708 55.1399 36.8346 101.863 
37.9552 33.1762 39.7083 31.2781 47.2579 47.9735 27.455 31.4398 46.0155 41.5366 22.6383 50.7051 48.2329 29.7144 19.9102 31.0809 23.0974 59.0026 56.1722 11.5643 23.756 37.811 62.8731 61.583 37.9917 61.8558 7.66644 57.7609 5.63285 67.6003 67.6898 64.2251 34.6574 10.0407 69.8366 27.6779 71.3839 0 20.9097 5.42315 22.4599 29.601 15.6776 47.6165 75.4318 66.6703 24.0003 76.0693 68.176 23.0338 64.9597 32.8347 72.4566 6.84786 23.0372 11.1311 76.9293 45.451 24.6797 81.7979 39.8888 68.8799 47.7131 85.1573 13.8478 67.1333 84.7943 61.1696 46.3302 77.2159 78.2455 59.4408 68.4918 76.5162 55.4677 90.1184 16.7321 57.5689 89.8542 54.8323 91.4793 74.5681 21.9689 68.181 65.1474 67.2962 71.9263 91.3768 55.7769 71.3471 93.5027 95.202 65.1793 21.666 65.2607 72.7166 97.5331 69.8573 98.9004 30.7947 
37.1032 36.4751 42.373 26.5826 47.8029 49.5571 33.2762 25.5564 49.4787 34.7128 24.3989 51.6723 51.8441 21.1327 20.8736 21.8342 17.6738 57.6876 49.7691 22.2597 11.9196 49.4992 62.5592 65.5595 21.9153 66.593 23.9479 46.2657 18.3396 69.4774 59.6913 69.9958 15.8358 29.538 61.7427 7.45032 73.488 20.9097 0 26.0747 41.3236 9.15878 6.32272 62.2053 69.4308 74.4124 43.4449 77.2574 54.8411 4.69033 50.0334 51.5951 78.8867 21.4838 6.87972 31.7131 66.3898 24.9479 8.71515 74.4356 58.7453 52.7708 65.2361 84.5996 33.1494 79.6428 76.5843 75.9928 64.754 63.0431 86.0989 75.3795 50.6026 61.4705 35.0515 86.6227 22.9197 74.3654 89.2503 34.1828 89.2185 86.0767 42.1063 49.3462 45.6262 82.1285 85.0693 91.913 34.9982 52.7597 87.3988 91.697 81.6006 37.9439 81.9448 53.5473 93.2521 85.5835 94.0827 40.7556 
38.2015 32.5519 38.9128 32.9186 46.7514 47.1655 26.5059 33.3529 44.758 43.1319 23.4708 49.9819 46.8664 32.3641 21.4089 33.7781 25.7118 58.6804 57.2224 11.8067 27.5575 34.455 62.2135 59.8167 41.81 59.8836 6.46767 60.058 8.7351 66.2884 68.9366 61.9427 39.1412 5.12391 71.077 32.5916 69.9587 5.42315 26.0747 0 17.2939 34.5376 21.055 43.2449 76.0571 63.8392 18.6736 74.8223 70.7942 28.4034 68.0318 27.5901 69.8964 10.3438 28.4553 7.55285 78.7187 50.2945 30.1028 82.705 34.5933 72.232 42.6396 84.2627 11.6803 63.09 85.8938 56.6171 41.0877 79.9689 75.2655 54.6453 72.3518 79.5134 60.2357 89.9378 20.3849 52.5986 88.9279 59.7144 90.9667 70.7121 18.2776 72.3319 69.5393 62.7047 67.6973 90.144 60.7365 75.4035 93.9736 94.9812 60.2544 20.8194 60.2823 76.9565 97.496 65.0585 98.9932 31.9614 
38.0501 30.5621 35.3452 37.688 43.2481 42.6485 24.8935 38.8365 38.9967 46.5571 27.958 45.5016 40.5494 40.0404 28.1915 41.417 34.2817 54.8987 57.8952 20.1822 38.8838 22.5729 57.1623 51.3481 52.0369 50.7547 17.3761 64.5352 23.05 58.9746 69.6618 51.7435 51.5833 12.4285 71.6974 46.7223 62.1461 22.4599 41.3236 17.2939 0 48.6675 37.3233 27.3381 74.5253 51.8735 2.85673 67.4033 75.8857 44.4641 74.7088 10.4176 58.5747 27.3599 44.9234 18.017 80.8515 63.6092 46.713 81.8674 17.5467 79.7205 25.358 77.6734 22.2481 47.6737 85.5872 40.0672 23.8858 85.2383 62.5737 37.6526 81.5831 85.6132 73.0459 85.445 37.0242 35.3827 82.1266 72.9882 85.4073 55.6758 21.2553 82.5969 80.7414 46.0351 51.7718 82.3706 74.3132 85.2655 91.4522 90.2481 43.0737 31.021 43.0504 87.4576 93.289 48.0279 95.1658 44.6482 
36.9458 38.2111 43.3084 26.0262 47.4293 49.5395 36.3927 24.5727 50.2853 31.8951 27.3191 51.2659 52.5859 19.642 24.3535 19.7453 19.1839 55.981 46.0835 28.731 12.2585 53.7111 61.1131 65.8967 15.0808 67.2284 31.511 40.3021 26.2592 68.7758 54.8851 70.9801 7.58702 37.4923 56.8342 1.9609 72.7761 29.601 9.15878 34.5376 48.6675 0 15.4541 67.2057 65.2525 76.1416 50.996 76.0513 47.7745 10.3388 42.3794 58.6755 79.94 30.6308 12.612 40.5945 60.2946 15.8868 13.3634 69.554 65.7637 44.5892 71.5066 82.4758 42.2406 83.3706 71.2992 80.8333 71.4749 55.486 87.6372 80.7492 41.8158 53.5905 25.9665 83.1886 31.5723 80.1588 87.0234 25.2334 86.2744 89.248 51.1308 40.3134 36.4863 86.8838 88.9999 90.1376 26.1999 43.7715 82.8365 88.1788 87.1229 47.0688 87.5926 44.4426 89.3802 90.7218 89.9715 49.1766 
39.2196 37.3441 43.6198 29.3875 49.7921 51.2824 33.2497 28.6668 50.6555 38.4574 25.0219 53.6128 53.0219 24.8118 21.3678 25.7653 19.9639 60.3591 53.6953 19.8472 15.8426 48.1601 65.0125 66.8218 27.735 67.6422 20.176 51.3968 14.439 71.3864 64.1255 70.7709 22.0859 25.0936 66.2169 13.773 75.3683 15.6776 6.32272 21.055 37.3233 15.4541 0 60.0503 73.4507 74.6249 39.2021 79.4271 60.4282 7.35704 55.8934 47.7248 79.5371 15.3078 7.61447 26.0088 71.4577 31.1288 9.48021 78.8201 54.8681 58.8333 61.9799 87.3015 27.0848 78.3419 81.1803 73.8484 61.103 68.8236 86.359 72.8106 56.8717 67.3947 41.2327 90.1142 16.9178 71.4519 91.9914 40.2591 92.4021 85.1528 36.1367 55.6666 51.9377 80.0116 83.5774 94.3562 40.9695 59.074 91.5465 95.2158 78.8682 31.6236 79.1072 59.8687 96.9751 83.141 97.9435 34.8231 
39.9258 33.3284 33.0899 46.4741 37.8707 35.7383 31.902 48.1678 31.274 50.9079 40.381 37.7198 31.1783 51.7869 42.9311 52.7641 48.7082 45.9449 55.5951 40.2412 55.2858 14.3363 45.6036 34.8424 64.7299 33.1409 40.599 67.0222 46.0016 43.2 65.6178 31.9626 67.4086 38.1274 67.2318 65.4701 45.0712 47.6165 62.2053 43.2449 27.3381 67.2057 60.0503 0 66.2956 28.8857 27.714 50.3718 77.9568 66.2973 79.3611 20.5606 35.9902 53.5866 67.446 45.3166 77.79 79.5558 69.4157 74.0059 18.8273 85.173 12.2799 61.0272 49.5796 20.3714 78.2414 13.8067 16.6529 86.7323 37.6633 13.8214 89.6389 88.3894 87.4869 71.4996 63.6057 14.6801 64.817 88.2027 69.7988 28.4904 47.3631 92.2378 92.0302 19.9652 24.5122 63.5521 89.9586 94.0722 80.1666 75.5986 20.3419 58.1341 21.0933 97.1665 79.2617 23.5167 81.6111 71.9166 
37.9014 44.4553 39.1802 44.7164 31.3491 32.3602 50.5839 45.0645 36.5965 35.011 52.8239 29.7018 35.8422 48.6396 55.5902 47.732 54.0271 20.5506 19.7586 64.3618 57.7415 56.2606 20.9872 33.6344 50.7585 36.0123 69.5921 27.239 69.8876 26.967 11.1958 39.6181 58.6795 73.871 9.93775 65.1926 28.2022 75.4318 69.4308 76.0571 74.5253 65.2525 73.4507 66.2956 0 47.0645 77.1575 26.145 28.6821 73.5345 35.426 77.4681 44.138 81.4895 76.0105 83.2524 17.0374 63.5618 77.4837 7.71719 80.9125 40.0916 78.1823 24.1816 87.722 65.5316 11.9564 72.4707 81.8464 32.0576 52.1067 76.5624 48.7536 35.8664 63.6088 18.8429 88.8411 79.5936 27.224 66.0498 23.3252 65.0327 92.558 54.1234 58.0826 75.6101 70.5999 32.1758 68.2039 53.2283 18.1638 23.4574 81.9236 96.7549 83.2766 57.3858 24.1845 81.2381 24.7273 105.738 
39.9162 38.0713 32.9179 50.4716 30.9766 28.3288 41.382 52.1046 26.2163 48.9474 50.0215 27.9574 24.1076 56.9502 53.5974 57.269 57.2801 30.7219 45.0435 56.1668 64.1011 29.7091 27.2231 14.3991 67.9044 11.9727 59.004 59.0618 63.0285 20.1422 50.9323 7.67509 73.404 59.2317 51.8186 74.8825 19.9231 66.6703 74.4124 63.8392 51.8735 76.1416 74.6249 28.8857 47.0645 0 53.2726 24.3941 67.81 79.0585 71.738 48.1981 7.10607 73.4404 80.9036 68.2872 62.3414 84.0516 82.8894 54.1671 47.6534 77.6765 40.5175 34.3785 73.0315 18.9706 58.4639 28.1992 45.1921 74.9383 11.7348 33.3053 84.4151 77.7462 89.4476 46.2987 83.3913 37.3989 37.48 90.9626 43.4033 18.1686 73.1121 88.4557 90.0585 29.7106 23.6155 35.3844 93.0422 89.2177 56.6129 49.6101 37.2395 82.3744 38.7262 93.0064 53.5551 35.2545 56.1452 95.3189 
40.8469 33.3253 37.9873 40.5369 45.8444 45.1692 27.7091 41.6769 41.4313 49.4108 30.7869 48.0085 42.9151 42.8254 30.9494 44.2077 37.0021 57.4197 60.6713 22.7121 41.4573 24.3689 59.5612 53.3716 54.737 52.6838 19.5418 67.3898 25.1105 61.1138 72.4217 53.4902 54.1144 14.1175 74.4501 49.0436 64.2064 24.0003 43.4449 18.6736 2.85673 50.996 39.2021 27.714 77.1575 53.2726 0 69.4955 78.7417 46.4235 77.5583 9.04395 60.0715 28.3976 46.7678 18.2529 83.6519 66.0791 48.5126 84.531 15.9272 82.559 24.4314 79.8379 22.1091 48.0818 88.2764 39.9365 22.4771 88.0942 63.7492 37.1696 84.3717 88.4691 75.5854 87.8187 37.7785 34.5986 84.254 75.4782 87.6716 56.1901 19.9509 85.3386 83.4246 45.7886 51.931 84.3708 76.7696 88.0294 93.9872 92.5894 42.3242 30.4225 42.2035 90.1902 95.6763 47.4598 97.5855 44.2518 
40.2434 43.0362 36.4718 50.713 29.6382 28.3375 48.6155 51.8818 30.0898 44.4637 54.8837 25.845 27.9561 56.6563 58.4351 56.3612 59.7068 20.1999 33.4646 64.5448 65.5242 45.351 14.962 16.2249 64.028 17.4027 68.8463 46.8206 71.2291 8.55212 33.7757 18.6348 71.1684 71.164 33.8122 75.3365 5.38061 76.0693 77.2574 74.8223 67.4033 76.0513 79.4271 50.3718 26.145 24.3941 69.4955 0 52.4249 81.8768 58.0842 66.7839 19.4447 82.8378 84.1339 80.8714 43.0272 79.3949 85.9514 32.0385 68.0745 63.5497 62.6163 10.6776 85.6895 43.296 36.1076 52.3856 67.0105 57.5289 26.5086 57.2914 71.5968 61.0442 82.1848 21.9142 91.9276 61.1283 14.8068 84.2478 19.4636 40.9313 88.0604 76.5083 79.4786 54.0993 47.5202 15.324 86.4377 76.3407 32.3779 25.4576 61.57 95.2268 63.0441 80.4331 29.3095 59.6237 31.8405 106.663 
39.1792 46.8265 45.0558 38.5675 40.4666 42.9272 51.4403 37.7544 47.1403 29.3628 48.5618 41.7304 47.8921 38.4974 49.6574 37.1102 45.1559 37.1033 23.1685 59.4628 45.3617 64.6673 41.1712 53.428 32.9889 55.8381 64.7788 11.4045 62.689 49.909 18.7074 60.206 40.2185 70.5451 19.0694 48.5084 52.6321 68.176 54.8411 70.7942 75.8857 47.7745 60.4282 77.9568 28.6821 67.81 78.7417 52.4249 0 57.787 7.32293 82.2445 67.1737 72.6547 60.2115 78.3335 14.8687 40.3678 61.1278 28.3094 87.6046 11.4143 88.0954 52.6644 81.9264 83.9257 27.9341 87.8517 90.6065 9.35391 75.7945 90.6818 20.1056 10.4398 37.507 46.7348 77.2951 92.5544 55.898 40.1632 51.734 85.7533 88.9886 25.5594 29.9255 92.3846 89.6387 60.7755 42.1639 24.5467 41.2851 50.6721 96.8781 89.5537 97.9943 28.7043 50.1512 97.7646 49.6536 95.1827 
41.7588 41.152 47.0632 31.1743 52.4598 54.2328 37.8562 30.0955 54.1689 39.026 29.0373 56.3309 56.5344 25.5601 25.4835 26.1717 22.3536 62.2382 53.956 26.1245 16.4135 53.8349 67.1447 70.2488 24.8237 71.283 27.1693 49.7246 21.437 74.1301 63.599 74.6796 17.843 32.3445 65.6222 9.29782 78.1421 23.0338 4.69033 28.4034 44.4641 10.3388 7.35704 66.2973 73.5345 79.0585 46.4235 81.8768 57.787 0 52.6018 54.8341 83.5663 22.2127 2.49521 33.2644 69.8359 24.8986 4.08138 78.3429 61.9873 54.9214 68.844 89.1224 34.0565 84.0182 80.3599 80.1011 68.1406 65.692 90.7527 79.3204 52.0546 63.8806 34.9086 90.9216 21.5034 78.1516 93.762 33.6989 93.6155 90.5468 43.1813 50.3147 46.1877 86.2509 89.3954 96.4832 34.2313 53.8319 91.4167 95.9819 85.4748 37.7292 85.7715 54.2662 97.4575 89.5833 98.2293 38.9099 
39.6762 47.0307 46.2742 37.0214 42.8188 45.4291 50.9815 35.9303 49.3619 29.0248 46.8729 44.6543 50.4251 35.7455 47.4468 34.3178 42.3488 41.3508 26.7016 57.1237 41.5189 65.597 45.8551 57.4952 28.1605 59.8351 62.2926 12.7978 59.6341 54.8107 24.8755 64.264 34.7958 68.2905 25.585 43.3109 57.8118 64.9597 50.0334 68.0318 74.7088 42.3794 55.8934 79.3611 35.426 71.738 77.5583 58.0842 7.32293 52.6018 0 81.8037 71.711 68.9325 54.9624 75.4969 22.1877 33.6376 55.7206 35.5422 87.5528 5.98106 88.8607 59.1079 78.8019 86.9638 35.2555 90.0369 91.034 13.1112 80.3895 92.4947 13.5456 11.5871 30.2473 53.7745 72.8105 94.0376 62.5325 32.919 58.6555 89.3949 86.3088 18.7353 22.7578 94.8742 92.7723 67.2853 34.8954 18.2578 48.5949 57.8221 98.8264 85.9618 99.8658 22.3654 57.3996 100.121 56.9455 90.7121 
